9358
9992
9156
9623
9997
9613
9994
9620
9996
8942
9997
9163
9614
9997
9611
9993
9612
8943
9997
9160
9613
9999
9997
9615
9998
9618
9997
9998
8945
9994
9400
9163
8946
9992
9164
9619
8946
9163
9386
9158
8946
10003
9402
9398
9161
9621
8949
9161
9625
9995
9625
9994
9622
9997
9625
9994
9390
9400
9836
9994
9836
9997
9167
9624
9994
9623
8952
9174
9392
9169
9997
9397
9171
9997
9629
9997
9392
9843
9993
9405
9404
9172
9996
9622
9997
9631
9994
9626
9997
9391
9403
9403
9173
8956
9994
9406
9411
9408
9162
9994
