1000098
1000093
1000089
1000089
1000095
1000089
1000088
1000097
1000093
1000088
1000093
1000091
1000098
1000091
1000090
1000090
1000093
1000088
1000089
1000097
1000092
1000094
1000091
1000091
1000088
1000095
1000094
1000088
1000091
1000091
1000089
1000091
1000093
1000089
1000093
1000089
1000089
1000091
1000090
1000089
1000091
1000088
1000089
1000091
1000089
1000090
1000092
1000091
1000091
1000096
1000097
1000089
1000090
1000090
1000092
1000112
1000090
1000090
1000091
1000090
1000089
1000093
1000088
1000085
1000094
1000092
1000086
1000091
1000090
1000091
1000094
1000088
1000473
1000092
1000089
1000091
1000089
1000088
1000093
1000088
1000090
1000091
1000094
1000091
1000085
1000089
1000091
1000092
1000092
1000090
1000089
1000091
1000095
1000090
1000092
1000088
1000090
1000091
1000091
1000091
